ID	Delays
19393	[748.0, 640.0, 635.0, 625.0, 594.0, 581.0, 579.0, 561.0, 560.0, 543.0]
19690	[1198.0, 1066.0, 995.0, 958.0, 949.0, 924.0, 911.0, 868.0, 808.0, 757.0]
19790	[1231.0, 1223.0, 1185.0, 1176.0, 1156.0, 1153.0, 1153.0, 1150.0, 1143.0, 1138.0]
19805	[1660.0, 1659.0, 1568.0, 1557.0, 1551.0, 1543.0, 1533.0, 1523.0, 1495.0, 1493.0]
19930	[993.0, 890.0, 876.0, 635.0, 621.0, 567.0, 535.0, 514.0, 505.0, 504.0]
19977	[1213.0, 1120.0, 1110.0, 1107.0, 1025.0, 1019.0, 993.0, 990.0, 990.0, 968.0]
20304	[1370.0, 1320.0, 1316.0, 1281.0, 1258.0, 1254.0, 1235.0, 1228.0, 1221.0, 1217.0]
20366	[1237.0, 1234.0, 1191.0, 1187.0, 1175.0, 1158.0, 1158.0, 1152.0, 1137.0, 1125.0]
20409	[798.0, 765.0, 746.0, 676.0, 659.0, 637.0, 616.0, 611.0, 587.0, 577.0]
20416	[892.0, 706.0, 602.0, 584.0, 581.0, 550.0, 542.0, 541.0, 531.0, 501.0]
20436	[707.0, 680.0, 645.0, 630.0, 629.0, 623.0, 597.0, 563.0, 556.0, 556.0]
21171	[391.0, 389.0, 381.0, 364.0, 364.0, 362.0, 355.0, 354.0, 346.0, 342.0]
