ID	Mean	Standard Deviation
19393	3.1772787396385715	30.06681820879091
19690	-0.8904138513513495	23.100490704579723
19790	-1.4083363228008872	39.76530413730263
19805	4.409853589506417	44.27427483306613
19930	-3.0984426573506	26.707435571641287
19977	-0.18912114473555672	42.53162664825791
20304	3.830888809500735	43.70877464750466
20366	3.1214839199596303	44.06363628140063
20409	8.105967460612572	44.302705228158175
20416	11.915099369131857	41.972969963395045
20436	1.7172790353770937	46.18112356663257
21171	7.136885319588876	37.29467521184109
